% This script outputs Figure 2 of Anderson et al. (2024) representing 
% the optimal regimen for an average virtual mouse with glioblastoma.
% Uses: GBMFuncoptimal.m (and output from OCHiPerGator.m + GBMOptimalControl.m)

%% Parameter set for an average virtual mouse

param = [0.431;      % 1  - lambdaC
         3.04e6;     % 2  - Cmax
         2.57e-8;    % 3  - η 
         3.26e6;     % 4  - a_T 
         8.56e6;     % 5  - s_T 
         0.107;      % 6  - ρ        
         16.2;       % 7  - ε_C 
         6.92e-6;    % 8  - r 
         0.0221;     % 9  - d_T
         0.0466;     % 10 - s_M  
         0.251];     % 11 - d_M
 
     
%% Output for this parameter set from OCHiPerGator.m and GBMoptimalcontrol.m

treattime =[7.00000000000000;7.45653215830374;8.26964624448256;8.95953589172432;9.15000000513119;9.40445324083901;9.75554677147586;9.86666667350826;10.1211199092161;10.4722134398529;10.5833333418853;10.8377865775931;11.1888801082300;11.3000000102624;11.5120443733522;11.8046223155496;11.8972222339099;12.0032444154549;12.1495333865535;12.1958333457337;12.3018555272786;12.4481444983773;12.4944444575575;12.5651259119208;12.6626518926532;12.6935185321067;12.7641999864700;12.8617259672024;12.8925926066559;12.9632740610191;13.0608000417516;13.0916666812050;13.1022688993595;13.1168977964694;13.1215277923874;13.1321300105419;13.1467589076518;13.1513889035698;13.1619911217243;13.1766200188342;13.1812500147522;13.1918522329067;13.2064811300165;13.2111111259346;13.2217133440890;13.2363422411989;13.2409722371169;13.2515744552714;13.2662033523813;13.2708333482993;13.2779014937356;13.2876540918089;13.2907407557542;13.2978089011906;13.3075614992638;13.3106481632091;13.3177163086455;13.3274689067187;13.3305555706641;13.3376237161004;13.3473763141736;13.3504629781190;13.3575311235553;13.3672837216286;13.3703703855739;13.3774385310102;13.3871911290835;13.3902777930288;13.3973459384652;13.4070985365384;13.4101852004837;13.4172533459201;13.4270059439933;13.4300926079387;13.4371607533750;13.4469133514482;13.4500000153936;13.5454199787840;13.6770800527728;13.7187500160350;13.8141699794254;13.9458300534142;13.9875000166764;14.0829199800668;14.2145800540556;14.2562500173178;14.3516699807082;14.4833300546970;14.5250000179592;14.5886133268861;14.6763867095453;14.7041666850534;14.7677799939804;14.8555533766396;14.8833333521477;14.9469466610747;15.0347200437339;15.0625000192420;15.1579199826324;15.2895800566212;15.3312500198834;15.4266699832738;15.5583300572626;15.6000000205248;15.9816798740865;16.5083201700418;16.6750000230904;16.6909938571074;16.7267312653206;16.7777788946458;16.8379747947581;16.9000576646518;16.9565394853122;17.0006090643700;17.0269622210026;17.0333333572789;17.6694664465484;18.5472002731406;18.8250000282216;19.0532661073734;19.4598231504628;19.8047679740837;19.9000000307872;20.8130643473946;22.4392925197523;23.8190718142358;24.2000000410495;24.5392710219933;25.0073957295091;25.1555555988856;25.6079169068106;26.2320831834984;26.4296296760004;26.5427200029817;26.6987615721536;26.7481481952791;26.8612385222604;27.0172800914323;27.0666667145578;27.5755731859734;28.2777602472471;28.5000000513119;28.8043548235144;29.3464308809670;29.8063573124615;29.9333333880661;30.2376881602685;30.7797642177211;31.2396906492156;31.3666667248202;31.6710214970227;32.2130975544752;32.6730239859697;32.8000000615743;33.7130643781818;35.3392925505394;36.7190718450229;37.1000000718367;38.0130643884442;39.6392925608018;41.0190718552853;41.4000000820991;42.1633597892225;43.2166403811331;43.5500000872303;43.6559253047168;43.8773759941564;44.1541771676563;44.4121356650737;44.5822044933634;44.6250000897959;45.0066799433576;45.5333202393128;45.7000000923615;46.6130644089689;48.2392925813266;49.6190718758101;50.0000001026238];
treatstate = [274784.726817312,7435273.00623625,25368.6374287243;300659.544797666,7584232.95750589,28408.1877683362;350266.226392804,7728593.60345665,34334.1040497713;396360.924599604,7733736.21175004,39904.8820797443;409817.928944400,7717400.70603270,41535.7233120917;428332.390013186,7684309.83870008,43780.1910055158;454949.282081940,7618694.10941088,47004.9802150818;463645.882902919,7593366.28375296,48057.5014362383;484046.946937644,7558848.29480348,45630.3441554895;513076.267428436,7585390.98902609,42561.5712515093;522417.051829804,7608619.31315556,41655.5721362788;543979.425822416,7684899.37073363,39690.8955739517;573885.349330161,7834532.55123505,37218.5697770866;583330.062712351,7890791.59368369,36490.3107342607;601256.499922509,8008447.83566576,35169.0133700289;625648.439144533,8189754.32130743,33485.5475519924;633254.431168984,8251042.74199691,32984.7187333088;641881.702159575,8323275.15618184,32429.3877048132;653625.722380224,8426206.88144922,31693.8330977123;657300.518057769,8459509.80758547,31468.2483296136;665748.572419045,8481754.33982017,30964.4358786665;676562.062671038,9214286.41143273,30297.4027327041;679485.781377143,9867415.62143147,30092.8237443876;682868.220659394,10639985.6338563,29786.0675155359;686328.357387966,11220585.8735311,29373.1975683054;687266.784237417,11136145.3358166,29244.9078999724;689352.540356902,11524056.2965266,28955.3894360473;691030.714962138,12556293.3440548,28565.1158928646;691130.835997877,12778922.7928089,28443.6960035550;690973.887699409,13382211.4843141,28169.1606239698;689557.209474589,14171129.4087803,27797.9298404674;688833.894837049,14410991.1404655,27682.1493464086;688559.446451598,14457763.3958970,27642.5690155180;688165.430764298,14535830.3096397,27588.0985452170;688036.454141794,14514568.2620702,27570.8965411070;687743.792316498,14560853.3886218,27531.5720758673;687324.877298689,14638187.3270870,27477.4520701571;687188.079478929,14616908.9474659,27460.3603656165;686877.553895426,14662713.6873835,27421.2873580315;686434.221103505,14739324.4077793,27367.5117812289;686289.754277114,14718031.0047140,27350.5284776765;685961.712801309,14763361.9195226,27311.7026009961;685494.441218471,14839258.9136234,27258.2655290843;685342.456745008,14817951.7747873,27241.3887631107;684997.245319152,14862815.2531523,27202.8057709539;684506.511208582,14938007.7590118,27149.7013903388;684347.159570553,14916688.1515012,27132.9293333844;683985.122109199,14961090.4166750,27094.5850588955;683471.398872582,15035587.4297190,27041.8076651846;683304.829631182,15014256.6004030,27025.1385231179;683055.515574205,15006893.2934803,26999.7254231047;682713.436996152,14996783.2856019,26964.7134224282;682605.632929667,14993595.6582460,26953.6485983046;682359.606589167,14986318.1994186,26928.3392604680;682022.037721186,14976326.2199478,26893.4703061330;681915.654549314,14973175.8458667,26882.4507251630;681672.870349825,14965983.5085017,26857.2449339866;681339.748666931,14956108.5584596,26822.5187272431;681234.766687200,14952995.1223521,26811.5442943362;680995.179667698,14945887.1860166,26786.4418311725;680666.443486744,14936128.2749455,26751.8580690407;680562.843261623,14933051.4641988,26740.9286877629;680326.409065257,14926027.2146019,26715.9293309227;680001.997530688,14916383.3604845,26681.4877062371;679899.759883174,14913342.8651492,26670.6032788555;679666.434747062,14906401.5940838,26645.7068036741;679346.287817084,14896871.8232643,26611.4070052281;679245.393826322,14893867.3360291,26600.5674327108;679015.134571637,14887008.3413151,26575.7736116257;678699.193004628,14877591.6884198,26541.6153242493;678599.624001652,14874622.9045869,26530.8205063430;678372.388023896,14867845.4900138,26506.1291089386;678060.593365082,14858540.9978737,26472.1120135536;677962.330928628,14855607.6153340,26461.3618487841;677738.076188061,14848911.0906052,26436.7726419024;677430.370756515,14839717.8101783,26402.8964156782;677333.396708901,14836819.5293871,26392.1908013609;674431.200856829,14749856.9053988,26064.5601510290;670715.235683750,14637986.5481743,25623.1736512458;669604.416464187,14604466.8328937,25486.0303437021;667171.853620519,14531001.3833004,25176.5534450055;664053.489393401,14436873.7694826,24759.8361583612;663120.332615819,14408764.8848201,